tweet_id,retweet_count,favourite_count
892420643555336193,6982,33745
892177421306343426,5284,29274
891815181378084864,3469,22003
891689557279858688,7205,36855
891327558926688256,7730,35235
891087950875897856,2593,17771
890971913173991426,1651,10350
890729181411237888,15707,56734
890609185150312448,3609,24464
890240255349198849,6085,27888
890006608113172480,6128,26988
889880896479866881,4149,24522
889665388333682689,8320,41957
889638837579907072,3705,23616
889531135344209921,1876,13330
889278841981685760,4430,22067
888917238123831296,3753,25576
888804989199671297,3519,22418
888554962724278272,2870,17279
888078434458587136,2888,19121
887705289381826560,4525,26567
887517139158093824,9824,40646
887473957103951883,14983,60076
887343217045368832,8792,29531
887101392804085760,4975,26929
886983233522544640,6296,30298
886736880519319552,2621,10481
886680336477933568,3726,19694
886366144734445568,2619,18515
886267009285017600,4,105
886258384151887873,5265,24478
886054160059072513,93,0
885984800019947520,5595,28554
885528943205470208,5315,31545
885518971528720385,3102,17972
885311592912609280,15397,0
885167619883638784,3660,19211
884925521741709313,14973,67145
884876753390489601,4652,24332
884562892145688576,3901,21273
884441805382717440,4782,23814
884247878851493888,16863,63142
884162670584377345,2496,17914
883838122936631299,2852,19125
883482846933004288,8236,40109
883360690899218434,3063,19912
883117836046086144,5518,32444
882992080364220416,3232,20942
882762694511734784,4082,24742
882627270321602560,5049,24555
882268110199369728,9600,39109
882045870035918850,4071,25669
881906580714921986,2843,21409
881666595344535552,8926,44455
881633300179243008,8,113
881536004380872706,13365,43348
881268444196462592,4486,20449
880935762899988482,2329,15020
880872448815771648,3195,18684
880465832366813184,5202,24978
880221127280381952,3456,23620
880095782870896641,3640,24283
879862464715927552,2916,19665
879674319642796034,9,281
879492040517615616,2624,20672
879415818425184262,37343,92656
879376492567855104,2639,14834
879130579576475649,5723,0
879050749262655488,3943,19775
879008229531029506,2235,16752
878776093423087618,3424,17109
878604707211726852,5911,26391
878404777348136964,1075,0
878316110768087041,5515,0
878281511006478336,1075,6766
878057613040115712,5723,37085
877736472329191424,15759,69151
877611172832227328,70,0
877556246731214848,3161,19865
877316821321428993,4331,24101
877201837425926144,4613,23824
876838120628539392,2798,18190
876537666061221889,3963,21019
876484053909872640,1993,16532
876120275196170240,3895,24645
875747767867523072,3573,22064
875144289856114688,4140,19394
875097192612077568,5105,24212
875021211251597312,3961,22515
874680097055178752,3911,24566
874434818259525634,12176,0
874296783580663808,3474,22923
874057562936811520,3371,20080
874012996292530176,8572,30069
873580283840344065,3337,21345
873337748698140672,1326,0
873213775632977920,1326,6313
872967104147763200,4548,24021
872820683541237760,3163,13054
872620804844003328,3061,18301
872486979161796608,7699,36051
872122724285648897,6813,30159
871879754684805121,9220,33023
871762521631449091,2962,17858
871515927908634625,2929,17866
871166179821445120,4881,0
871102520638267392,4662,18512
871032628920680449,3216,20132
870804317367881728,5271,29739
870726314365509632,3,105
870656317836468226,2198,10874
870374049280663552,22698,73832
870308999962521604,3542,19455
870063196459192321,7059,32354
869772420881756160,8673,37944
869702957897576449,5373,25000
869596645499047938,2629,14166
869227993411051520,3193,18105
868880397819494401,12226,57848
868639477480148993,1746,0
868622495443632128,4451,23611
868552278524837888,1746,8951
867900495410671616,3562,21563
867774946302451713,6238,30225
867421006826221569,2110,14326
867072653475098625,101,0
867051520902168576,6764,28663
866720684873056260,4125,17840
866686824827068416,2961,17094
866450705531457537,30111,108670
866334964761202691,12176,46507
866094527597207552,7148,0
865718153858494464,4830,22891
865359393868664832,4277,23561
865006731092295680,6648,25002
864873206498414592,7487,28808
864279568663928832,2575,13056
864197398364647424,7573,26607
863907417377173506,3581,18409
863553081350529029,3622,13655
863471782782697472,2089,0
863432100342583297,4547,21255
863427515083354112,80,1957
863079547188785154,951,7888
863062471531167744,2089,7520
862831371563274240,4451,17201
862722525377298433,3084,15320
862457590147678208,4236,18249
862096992088072192,19940,66168
861383897657036800,9248,32239
861288531465048066,3580,15326
861005113778896900,3328,14969
860981674716409858,1853,0
860924035999428608,676,0
860563773140209665,1853,6716
860524505164394496,4594,21226
860276583193509888,3061,16554
860184849394610176,5113,14992
860177593139703809,26678,0
859924526012018688,3576,17612
859851578198683649,3064,13958
859607811541651456,1362,16813
859196978902773760,26208,80427
859074603037188101,11939,30383
858860390427611136,7069,0
858843525470990336,3022,14102
858471635011153920,4250,19457
858107933456039936,2535,14217
857989990357356544,2263,14477
857746408056729600,9328,30761
857393404942143489,1438,5300
857214891891077121,16,203
857062103051644929,148,0
857029823797047296,3479,17026
856543823941562368,2544,14816
856526610513747968,1651,10810
856288084350160898,15,487
856282028240666624,5570,25200
855862651834028034,21,303
855860136149123072,851,4402
855857698524602368,1856,10849
855851453814013952,16105,41859
855818117272018944,4803,24251
855459453768019968,7293,27056
855245323840757760,5258,0
855138241867124737,36,0
854732716440526848,5338,20655
854482394044301312,6007,26543
854365224396361728,4141,17177
854120357044912130,6584,29189
854010172552949760,2787,14821
853760880890318849,5112,26049
853639147608842240,8863,31517
853299958564483072,3167,14153
852936405516943360,1785,0
852912242202992640,1597,8245
852672615818899456,1907,13625
852553447878664193,3113,14884
852311364735569921,8864,30313
852226086759018497,6081,18325
852189679701164033,1417,10563
851591660324737024,3124,14940
851464819735769094,6301,22241
851224888060895234,5165,19024
850753642995093505,8067,28119
850380195714523136,2327,12067
850333567704068097,301,3189
850145622816686080,3390,15031
850019790995546112,4366,18766
849776966551130114,6808,27888
849668094696017920,4441,0
849412302885593088,2828,14661
849336543269576704,1688,10550
849051919805034497,7609,38980
848690551926992896,3916,23255
848324959059550208,4145,22820
848213670039564288,645,7534
848212111729840128,2715,15018
847978865427394560,2919,0
847971574464610304,394,0
847962785489326080,4570,21717
847842811428974592,1188,5009
847617282490613760,376,6463
847606175596138505,3080,17337
847251039262605312,3913,18950
847157206088847362,5249,18356
847116187444137987,2873,19864
846874817362120707,3547,18603
846514051647705089,10370,41151
846505985330044928,2758,13057
846153765933735936,8162,29083
846139713627017216,9160,28785
846042936437604353,2586,14797
845812042753855489,7852,26996
845677943972139009,4374,23410
845397057150107648,1620,7083
845306882940190720,4853,21603
845098359547420673,6936,0
844979544864018432,2309,12673
844973813909606400,2850,13928
844580511645339650,2813,15280
844223788422217728,1991,12689
843981021012017153,2699,14098
843856843873095681,4169,19946
843604394117681152,2478,15691
843235543001513987,5401,19953
842846295480000512,3315,14206
842765311967449089,1176,6296
842535590457499648,3176,16901
842163532590374912,5258,22716
842115215311396866,2756,13025
841833993020538882,13560,0
841680585030541313,7151,24033
841439858740625411,3320,11724
841320156043304961,5017,18405
841314665196081154,4234,14747
841077006473256960,4881,21320
840761248237133825,1622,0
840728873075638272,14581,0
840698636975636481,2,163
840696689258311684,890,11476
840632337062862849,1622,8421
840370681858686976,4176,15330
840268004936019968,5209,17892
839990271299457024,2066,12530
839549326359670784,7069,25554
839290600511926273,132,0
839239871831150596,5932,25225
838952994649550848,3662,18357
838921590096166913,1854,10419
838916489579200512,31,0
838831947270979586,10018,0
838561493054533637,1231,10242
838476387338051585,4340,20959
838201503651401729,9181,0
838150277551247360,303,1569
838085839343206401,1,134
838083903487373313,2841,16451
837820167694528512,7148,31821
837482249356513284,407,3604
837471256429613056,2061,11977
837110210464448512,2177,15061
836989968035819520,2111,11942
836753516572119041,4262,18115
836677758902222849,2021,11840
836648853927522308,508,0
836397794269200385,25060,0
836380477523124226,2745,13897
836260088725786625,3978,19945
836001077879255040,3888,17880
835685285446955009,7415,0
835574547218894849,3298,16634
835536468978302976,1540,0
835309094223372289,19146,0
835297930240217089,2738,15427
835264098648616962,1540,7232
835246439529840640,63,1990
835172783151792128,5289,24553
835152434251116546,2758,20941
834931633769889797,1490,10096
834786237630337024,5106,20205
834574053763584002,2309,12805
834477809192075265,9761,0
834458053273591808,1547,9026
834209720923721728,4323,19239
834167344700198914,3361,14820
834089966724603904,1962,9440
834086379323871233,2038,12229
833863086058651648,2210,12612
833826103416520705,3488,17070
833732339549220864,205,0
833722901757046785,2997,19665
833479644947025920,1892,13993
833124694597443584,4441,18978
832998151111966721,2012,12417
832769181346996225,38,0
832757312314028032,3316,15832
832682457690300417,2667,11139
832645525019123713,484,2736
832636094638288896,2560,14876
832397543355072512,2036,11232
832369877331693569,2919,16069
832273440279240704,2145,10642
832215909146226688,5716,0
832215726631055365,8582,0
832088576586297345,2,59
832040443403784192,8816,0
832032802820481025,4297,16764
831939777352105988,5651,22462
831926988323639298,34,319
831911600680497154,5968,25822
831670449226514432,1688,9777
831650051525054464,1785,6677
831552930092285952,2160,8450
831322785565769729,1442,8748
831315979191906304,1036,6169
831309418084069378,2264,11082
831262627380748289,1887,11150
830956169170665475,1374,7504
830583320585068544,15397,62360
830173239259324417,5237,0
830097400375152640,2694,9148
829878982036299777,4596,0
829861396166877184,1793,11510
829501995190984704,9761,29861
829449946868879360,1861,9864
829141528400556032,6761,22887
829011960981237760,15084,50213
828801551087042563,3156,0
828770345708580865,5391,24065
828708714936930305,10312,34223
828650029636317184,1234,8941
828409743546925057,1078,6037
828408677031882754,1184,7247
828381636999917570,2056,11856
828376505180889089,993,6976
828372645993398273,2723,11853
828361771580813312,165,2069
828046555563323392,2651,11040
828011680017821696,1985,9761
827933404142436356,4825,18820
827653905312006145,2791,14562
827600520311402496,864,7053
827324948884643840,2802,14932
827199976799354881,2060,9986
826958653328592898,4596,20291
826848821049180160,9318,33998
826615380357632002,3677,0
826598799820865537,230,4855
826598365270007810,2174,9432
826476773533745153,3890,17346
826240494070030336,2414,12510
826204788643753985,855,4594
826115272272650244,2866,14725
825876512159186944,1735,9913
825829644528148480,2328,12000
825535076884762624,16329,53888
825147591692263424,4174,17225
825120256414846976,1166,0
825026590719483904,1166,5898
824796380199809024,5089,0
824775126675836928,3265,14035
824663926340194305,1640,9930
824325613288833024,9867,11154
824297048279236611,3561,14198
824025158776213504,556,4571
823939628516474880,2527,10045
823719002937630720,10334,0
823699002998870016,2332,13190
823581115634085888,2437,12242
823333489516937216,22,662
823322678127919110,3713,14798
823269594223824897,9199,0
822975315408461824,3197,16342
822872901745569793,39835,123853
822859134160621569,2107,12430
822647212903690241,5946,0
822610361945911296,2725,13943
822489057087389700,5946,17078
822462944365645825,13110,26253
822244816520155136,9199,33056
822163064745328640,4368,0
821886076407029760,2133,10661
821813639212650496,3120,0
821765923262631936,1556,7896
821522889702862852,1628,7559
821421320206483457,5119,0
821407182352777218,3984,11087
821153421864615936,9,236
821149554670182400,1822,8091
821107785811234820,1967,9053
821044531881721856,2120,11933
820837357901512704,6227,0
820749716845686786,9181,29783
820690176645140481,2995,11566
820494788566847489,521,0
820446719150292993,2388,0
820314633777061888,521,3154
820078625395449857,5774,18610
820013781606658049,1081,0
819952236453363712,1081,5014
819924195358416896,4533,12209
819711362133872643,2867,12596
819588359383371776,1866,9143
819347104292290561,1115,6822
819238181065359361,379,2134
819227688460238848,6227,21747
819015337530290176,34481,0
819015331746349057,17758,0
819006400881917954,17758,42945
819004803107983360,34481,82544
818646164899774465,19405,0
818627210458333184,7047,21189
818614493328580609,2349,9287
818588835076603904,5678,0
818536468981415936,2265,10256
818307523543449600,7442,0
818259473185828864,2077,10403
818145370475810820,2364,11599
817908911860748288,739,4599
817827839487737858,25060,48530
817777686764523521,2519,10205
817536400337801217,2723,11094
817502432452313088,3136,0
817423860136083457,13560,31787
817415592588222464,886,5282
817181837579653120,7847,0
817171292965273600,1865,8294
817120970343411712,2408,11529
817056546584727552,1511,8123
816829038950027264,4378,0
816816676327063552,1888,9453
816697700272001025,2050,9222
816450570814898180,7442,28639
816336735214911488,1797,8155
816091915477250048,1980,8469
816062466425819140,944,0
816014286006976512,4869,0
815990720817401858,944,4682
815966073409433600,7847,21090
815745968457060357,3850,0
815736392542261248,2115,9286
815639385530101762,1550,7805
815390420867969024,3563,9810
814986499976527872,1185,7249
814638523311648768,2521,10675
814578408554463233,5450,0
814530161257443328,1739,8203
814153002265309185,8094,27202
813944609378369540,2949,0
813910438903693312,1728,8839
813812741911748608,13009,34563
813800681631023104,1644,7872
813217897535406080,6838,17651
813202720496779264,1702,8753
813187593374461952,4040,18787
813172488309972993,1805,8787
813157409116065792,2063,7365
813142292504645637,2239,8074
813130366689148928,418,4257
813127251579564032,2914,11186
813112105746448384,2558,9774
813096984823349248,3378,10019
813081950185472002,2590,9410
813066809284972545,1823,7531
813051746834595840,6833,19898
812781120811126785,1784,7138
812709060537683968,1350,6282
812503143955202048,1148,5735
812466873996607488,1797,7561
812372279581671427,3417,12913
811985624773361665,1308,6901
811744202451197953,1470,7146
811647686436880384,681,5308
811627233043480576,2847,12051
811386762094317568,5967,19827
810984652412424192,1329,5049
810896069567610880,1640,8523
810657578271330305,2462,10413
810284430598270976,10481,33266
810254108431155201,3156,13950
809920764300447744,3677,14762
809808892968534016,4565,0
809448704142938112,1364,6595
809220051211603969,5237,18841
809084759137812480,3292,12541
808838249661788160,2861,9631
808733504066486276,2031,7484
808501579447930884,2452,10743
808344865868283904,19405,40117
808134635716833280,5499,0
808106460588765185,2064,8373
808001312164028416,3299,11835
807621403335917568,3377,13826
807106840509214720,51525,111421
807059379405148160,6878,0
807010152071229440,3625,12445
806629075125202948,32288,70466
806620845233815552,5132,0
806576416489959424,1822,4654
806542213899489280,2216,9717
806242860592926720,10855,0
806219024703037440,1132,6127
805958939288408065,5003,0
805932879469572096,1796,7866
805826884734976000,1713,6229
805823200554876929,7453,0
805520635690676224,1549,5475
805487436403003392,2373,8339
805207613751304193,1624,7473
804738756058218496,3593,12958
804475857670639616,1888,5830
804413760345620481,3000,0
804026241225523202,15007,41978
803773340896923648,2583,9538
803692223237865472,6914,0
803638050916102144,3879,10360
803380650405482500,1765,7376
803321560782307329,4944,0
803276597545603072,2295,9527
802952499103731712,1871,8562
802624713319034886,2720,0
802600418706604034,1379,6753
802572683846291456,2350,8503
802323869084381190,5466,15321
802265048156610565,1292,6614
802239329049477120,2455,8632
802185808107208704,250,0
801958328846974976,1593,7355
801854953262350336,219,1722
801538201127157760,1950,7801
801285448605831168,770,5733
801167903437357056,5499,23136
801127390143516673,3695,0
801115127852503040,1982,7665
800859414831898624,90,645
800855607700029440,1515,0
800751577355128832,2626,10077
800513324630806528,2822,12471
800459316964663297,2058,9031
800443802682937345,4014,0
800388270626521089,2632,10588
800188575492947969,3686,0
800141422401830912,2388,14494
800018252395122689,12283,26850
799774291445383169,4362,0
799757965289017345,2000,7962
799422933579902976,1798,7682
799308762079035393,5070,0
799297110730567681,2555,9373
799063482566066176,2339,7688
798933969379225600,4150,12404
798925684722855936,1357,7152
798705661114773508,6208,0
798701998996647937,7229,0
798697898615730177,6086,0
798694562394996736,4634,0
798686750113755136,2178,0
798682547630837760,4425,0
798673117451325440,5214,0
798665375516884993,3673,0
798644042770751489,1741,0
798628517273620480,1861,0
798585098161549313,5261,0
798576900688019456,5469,0
798340744599797760,3133,0
798209839306514432,2419,9914
797971864723324932,2886,10937
797545162159308800,4611,13856
797236660651966464,6153,18899
797165961484890113,24,212
796904159865868288,8344,0
796865951799083009,1826,7294
796759840936919040,2828,11195
796563435802726400,6720,0
796484825502875648,1649,7171
796387464403357696,3884,10444
796177847564038144,13340,0
796149749086875649,13340,30466
796125600683540480,1680,4727
796116448414461957,2248,8624
796080075804475393,2160,8013
796031486298386433,3496,10250
795464331001561088,21920,46690
795400264262053889,2679,9485
795076730285391872,5089,15322
794983741416415232,3150,0
794926597468000259,2154,9664
794355576146903043,9644,0
794332329137291264,2535,9113
794205286408003585,3108,8761
793962221541933056,4565,15885
793845145112371200,1742,8757
793614319594401792,2921,0
793601777308463104,1516,7567
793500921481273345,2229,10097
793286476301799424,8582,23307
793271401113350145,2243,8243
793256262322548741,7785,18908
793241302385262592,3066,9969
793226087023144960,2711,9269
793210959003287553,2602,8467
793195938047070209,5260,14435
793180763617361921,1859,6551
793165685325201412,2623,8888
793150605191548928,1593,5840
793135492858580992,2350,6068
793120401413079041,3676,12008
792913359805018113,3707,13565
792883833364439040,4000,10695
792773781206999040,1570,6989
792394556390137856,4010,12694
792050063153438720,1670,6764
791821351946420224,19654,0
791784077045166082,8874,0
791780927877898241,3551,0
791774931465953280,20712,42680
791672322847637504,2921,11127
791406955684368384,3850,12471
791312159183634433,2360,8305
791026214425268224,3804,0
790987426131050500,1985,9291
790946055508652032,4378,15840
790723298204217344,2141,0
790698755171364864,1802,7785
790581949425475584,6630,19522
790337589677002753,1764,7413
790277117346975746,2949,11882
790227638568808452,3302,0
789986466051088384,2141,8792
789960241177853952,3818,0
789903600034189313,3875,9769
789628658055020548,1643,7069
789599242079838210,1791,6371
789530877013393408,3150,11068
789314372632018944,2132,8184
789280767834746880,4585,0
789268448748703744,2441,8636
789137962068021249,2603,9213
788908386943430656,11691,26025
788765914992902144,9644,25871
788552643979468800,6644,0
788412144018661376,4914,14689
788178268662984705,1972,6878
788150585577050112,1197,5788
788070120937619456,3209,0
788039637453406209,1221,5783
787810552592695296,2838,8136
787717603741622272,2583,9699
787397959788929025,2664,10316
787322443945877504,1622,7378
787111942498508800,6289,0
786963064373534720,7415,25247
786729988674449408,2271,0
786709082849828864,5716,17343
786664955043049472,2360,10030
786595970293370880,2910,8962
786363235746385920,3214,10258
786286427768250368,2638,7549
786233965241827333,4368,14385
786051337297522688,147,1352
786036967502913536,6492,0
785927819176054784,2979,10793
785872687017132033,1669,6329
785639753186217984,2101,7442
785533386513321988,1836,8566
785515384317313025,1159,5776
785264754247995392,1515,6896
785170936622350336,4488,11344
784826020293709826,3000,9565
784517518371221505,2363,8481
784431430411685888,1183,5438
784183165795655680,7453,18928
784057939640352768,10334,28054
783839966405230592,10018,28341
783821107061198850,1824,6969
783695101801398276,2987,9850
783466772167098368,2075,7955
783391753726550016,5081,15964
783347506784731136,5136,0
783334639985389568,10855,27432
783085703974514689,2018,7721
782969140009107456,6878,22784
782747134529531904,1317,7059
782722598790725632,5003,16267
782598640137187329,1763,7376
782305867769217024,5119,15691
782021823840026624,5721,0
781955203444699136,3132,10548
781661882474196992,2519,9857
781655249211752448,1050,3773
781524693396357120,5132,19553
781308096455073793,2379,6731
781251288990355457,1924,7907
781163403222056960,2578,9257
780931614150983680,6720,20460
780858289093574656,1861,6789
780800785462489090,1200,5183
780601303617732608,3120,11409
780543529827336192,1624,5943
780496263422808064,3415,0
780476555013349377,103,0
780459368902959104,1001,4988
780192070812196864,2081,8202
780092040432480260,2128,0
780074436359819264,4563,11406
779834332596887552,6492,17728
779377524342161408,2878,8241
779124354206535695,16973,0
779056095788752897,4200,13855
778990705243029504,6641,18714
778774459159379968,9134,0
778764940568104960,337,819
778748913645780993,1205,6449
778650543019483137,1386,5413
778624900596654080,941,4334
778408200802557953,3999,12848
778396591732486144,11310,0
778383385161035776,1019,5497
778286810187399168,3055,9725
778039087836069888,2461,7973
778027034220126208,1491,6187
777953400541634568,3260,0
777885040357281792,1512,5988
777684233540206592,2720,10602
777641927919427584,3911,0
777621514455814149,2333,8207
777189768882946048,3976,13299
776819012571455488,12564,0
776813020089548800,1111,4600
776477788987613185,2551,8234
776249906839351296,8436,0
776218204058357768,14670,28043
776201521193218049,2332,9017
776113305656188928,4014,11093
776088319444877312,141,1714
775898661951791106,15486,0
775842724423557120,2458,11020
775733305207554048,3695,13045
775729183532220416,4269,12247
775364825476165632,2712,6935
775350846108426240,3620,9556
775085132600442880,4362,14605
774757898236878852,1653,8121
774639387460112384,1613,6351
774314403806253056,5070,20493
773985732834758656,3579,10145
773922284943896577,1623,6051
773704687002451968,1495,6229
773670353721753600,1222,5047
773547596996571136,5678,20797
773336787167145985,4664,0
773308824254029826,6936,21950
773247561583001600,2998,8868
773191612633579521,3796,9366
772877495989305348,3573,8036
772826264096874500,2206,7559
772615324260794368,3112,0
772581559778025472,1583,6095
772193107915964416,1287,5672
772152991789019136,1049,3582
772117678702071809,686,3545
772114945936949249,440,2580
772102971039580160,865,3768
771908950375665664,1752,6172
771770456517009408,3133,11266
771500966810099713,2418,7770
771380798096281600,4664,9898
771171053431250945,6872,0
771136648247640064,2704,8592
771102124360998913,1328,5853
771014301343748096,1534,6467
770787852854652928,1102,4609
770772759874076672,1322,4883
770655142660169732,1666,6913
770414278348247044,1924,5934
770293558247038976,1353,5843
770093767776997377,2810,0
770069151037685760,2120,7127
769940425801170949,8816,29249
769695466921623552,1562,6035
769335591808995329,7116,0
769212283578875904,1597,5072
768970937022709760,5986,13378
768909767477751808,2433,0
768855141948723200,823,3922
768609597686943744,1097,3849
768596291618299904,1186,4728
768554158521745409,5375,0
768473857036525572,3153,12759
768193404517830656,3260,10171
767884188863397888,1265,4462
767754930266464257,4944,14956
767500508068192258,2145,7036
767191397493538821,3463,11514
767122157629476866,2637,9534
766793450729734144,1255,4736
766714921925144576,346,2458
766693177336135680,730,3787
766423258543644672,1456,5625
766313316352462849,1731,6330
766078092750233600,2418,0
766069199026450432,771,3931
766008592277377025,458,3525
765719909049503744,1990,6794
765669560888528897,1130,4843
765395769549590528,3106,25075
765371061932261376,2000,6668
765222098633691136,3112,10903
764857477905154048,1646,6064
764259802650378240,1388,5626
763956972077010945,49,730
763837565564780549,3804,11729
763183847194451968,1356,5051
763167063695355904,2746,0
763103485927849985,2114,6914
762699858130116608,3302,11348
762471784394268675,5897,10497
762464539388485633,3818,9629
762316489655476224,1028,4496
762035686371364864,14264,29760
761976711479193600,1822,5034
761750502866649088,3583,0
761745352076779520,793,4010
761672994376806400,26678,46214
761599872357261312,1099,3877
761371037149827077,16624,0
761334018830917632,1337,4822
761292947749015552,1000,4178
761227390836215808,1443,4991
761004547850530816,3209,10632
760893934457552897,888,3567
760656994973933572,1748,6165
760641137271070720,1189,4669
760539183865880579,3335,7063
760521673607086080,1282,3915
760290219849637889,10551,25027
760252756032651264,797,3701
760190180481531904,1650,5343
760153949710192640,28,0
759943073749200896,1928,5525
759846353224826880,1797,6282
759793422261743616,1760,5572
759557299618865152,1102,4392
759447681597108224,2271,7930
759446261539934208,454,1561
759197388317847553,1802,5690
759159934323924993,1065,0
759099523532779520,3815,13601
759047813560868866,1846,6062
758854675097526272,840,3319
758828659922702336,3546,10457
758740312047005698,1497,5372
758474966123810816,913,3554
758467244762497024,2025,4471
758405701903519748,1759,4867
758355060040593408,961,3149
758099635764359168,9134,17689
758041019896193024,339,2526
757741869644341248,3018,6406
757729163776290825,7193,0
757725642876129280,1109,4249
757611664640446465,1007,4285
757597904299253760,278,0
757596066325864448,957,4064
757400162377592832,6300,14127
757393109802180609,1576,5437
757354760399941633,1298,4202
756998049151549440,1832,5865
756939218950160384,1833,6201
756651752796094464,1190,4696
756526248105566208,3294,9697
756303284449767430,1004,3687
756288534030475264,16276,41152
756275833623502848,1402,5968
755955933503782912,2625,6817
755206590534418437,4901,15281
755110668769038337,10169,19709
754874841593970688,7229,0
754856583969079297,2309,6434
754747087846248448,476,2415
754482103782404096,1790,4930
754449512966619136,672,3503
754120377874386944,2160,7376
753655901052166144,1992,5450
753420520834629632,3233,7331
753398408988139520,1730,5353
753375668877008896,2128,7126
753298634498793472,5199,0
753294487569522689,956,3128
753039830821511168,19146,34552
753026973505581056,877,3649
752932432744185856,6289,11737
752917284578922496,1441,6490
752701944171524096,2614,0
752682090207055872,1457,5593
752660715232722944,1420,4071
752568224206688256,2079,5108
752519690950500352,3153,6845
752334515931054080,1006,3591
752309394570878976,14874,0
752173152931807232,1668,5541
751950017322246144,830,2847
751937170840121344,1195,4827
751830394383790080,1784,5432
751793661361422336,2613,5390
751598357617971201,2829,7399
751583847268179968,1002,4101
751538714308972544,1146,4711
751456908746354688,922,3002
751251247299190784,5381,11724
751205363882532864,1665,5897
751132876104687617,1183,4722
750868782890057730,1244,4455
750719632563142656,4585,12238
750506206503038976,1052,4131
750429297815552001,3911,12290
750383411068534784,1039,4261
750381685133418496,27,668
750147208377409536,875,2905
750132105863102464,1180,3363
750117059602808832,1207,4048
750101899009982464,777,2839
750086836815486976,492,2024
750071704093859840,3025,7237
750056684286914561,818,2953
750041628174217216,566,2957
750026558547456000,719,2526
750011400160841729,820,3003
749996283729883136,755,2829
749981277374128128,2274,4773
749774190421639168,1208,4349
749417653287129088,1511,5670
749403093750648834,491,2434
749395845976588288,3150,7946
749317047558017024,2044,5091
749075273010798592,1883,5358
749064354620928000,1405,4494
749036806121881602,729,2878
748977405889503236,3127,10007
748932637671223296,2057,5401
748705597323898880,876,2582
748699167502000129,1455,4407
748692773788876800,1226,3948
748575535303884801,1809,5625
748568946752774144,609,2043
748346686624440324,1119,4850
748337862848962560,3728,7050
748324050481647620,691,3449
748307329658011649,654,3438
748220828303695873,7101,13121
747963614829678593,1956,5375
747933425676525569,2354,6168
747885874273214464,880,2717
747844099428986880,677,2625
747816857231626240,1056,4495
747651430853525504,143,1271
747648653817413632,5317,11948
747600769478692864,521,2167
747594051852075008,949,3418
747512671126323200,1473,5119
747461612269887489,945,3585
747439450712596480,1751,5029
747242308580548608,2625,0
747219827526344708,1437,4887
747204161125646336,830,3120
747103485104099331,3620,8873
746906459439529985,271,2714
746872823977771008,1941,5562
746818907684614144,1593,4941
746790600704425984,1460,4518
746757706116112384,3551,8829
746726898085036033,1637,5627
746542875601690625,1744,4685
746521445350707200,900,0
746507379341139972,991,4337
746369468511756288,1486,5753
746131877086527488,2001,6384
746056683365994496,740,3318
745789745784041472,965,3663
745712589599014916,2126,6496
745433870967832576,2308,6535
745422732645535745,2196,7935
745314880350101504,2475,6601
745074613265149952,3183,7255
745057283344719872,2052,6741
744995568523612160,568,2736
744971049620602880,2440,7294
744709971296780288,1435,5215
744334592493166593,1930,6330
744234799360020481,70495,144528
744223424764059648,326,1532
743980027717509120,1003,3891
743895849529389061,877,3399
743835915802583040,1866,0
743609206067040256,1269,4152
743595368194129920,5954,16924
743545585370791937,861,3271
743510151680958465,3415,7408
743253157753532416,1119,3927
743222593470234624,1734,5723
743210557239623680,1236,3553
742534281772302336,3278,6547
742528092657332225,1793,4096
742465774154047488,3594,6745
742423170473463808,3415,9082
742385895052087300,1776,6282
742161199639494656,1245,3992
742150209887731712,1398,4709
741793263812808706,1384,4211
741743634094141440,2494,7540
741438259667034112,746,3411
741303864243200000,2916,8117
741099773336379392,5013,9211
741067306818797568,2810,8848
740995100998766593,2465,5822
740711788199743490,862,3144
740699697422163968,707,2648
740676976021798912,6208,16809
740373189193256964,12110,32523
740365076218183684,388,2248
740359016048689152,796,3045
740214038584557568,1784,6177
739979191639244800,5375,18484
739932936087216128,986,3754
739844404073074688,786,3519
739623569819336705,1238,3495
739606147276148736,1493,4982
739544079319588864,19227,36445
739485634323156992,2640,6596
739238157791694849,52748,107008
738891149612572673,6,89
738885046782832640,1044,3500
738883359779196928,722,3041
738537504001953792,1393,4697
738402415918125056,739,3006
738184450748633089,1106,3965
738166403467907072,3036,8062
738156290900254721,586,2280
737826014890496000,1602,4831
737800304142471168,3165,9257
737678689543020544,1198,4624
737445876994609152,4051,9429
737322739594330112,733,3316
737310737551491075,6747,13515
736736130620620800,1541,3877
736392552031657984,6644,16323
736365877722001409,1113,3663
736225175608430592,2545,7482
736010884653420544,2700,7241
735991953473572864,1036,3297
735648611367784448,1012,3725
735635087207878657,2141,5658
735274964362878976,4541,12029
735256018284875776,802,3060
735137028879360001,882,2876
734912297295085568,472,2543
734787690684657664,5752,11552
734776360183431168,489,2319
734559631394082816,354,1376
733828123016450049,716,3302
733822306246479872,925,3385
733482008106668032,853,2876
733460102733135873,1137,3869
733109485275860992,15486,49321
732732193018155009,482,2225
732726085725589504,797,3290
732585889486888962,713,3355
732375214819057664,2282,7420
732005617171337216,4869,13679
731285275100512256,901,3218
731156023742988288,1142,3543
730924654643314689,1785,5635
730573383004487680,1912,4455
730427201120833536,939,3199
730211855403241472,958,3488
730196704625098752,1704,4441
729854734790754305,1016,3715
729838605770891264,338,1600
729823566028484608,1124,3649
729463711119904772,2090,5316
729113531270991872,288,1737
728986383096946689,739,2886
728760639972315136,1541,4291
728751179681943552,615,2542
728653952833728512,948,3059
728409960103686147,1822,4494
728387165835677696,877,3422
728046963732717569,1085,3934
728035342121635841,1512,4162
728015554473250816,991,3787
727644517743104000,1587,5383
727524757080539137,1086,4105
727314416056803329,673,3062
727175381690781696,1245,3590
727155742655025152,1199,3324
726935089318363137,2204,6300
726887082820554753,1370,3528
726828223124897792,919,3304
726224900189511680,1045,4075
725842289046749185,2418,6519
725786712245440512,1246,3843
725729321944506368,1608,4793
725458796924002305,557,1302
724983749226668032,1170,3440
724771698126512129,568,2152
724405726123311104,1512,4868
724049859469295616,1619,3976
724046343203856385,513,2454
724004602748780546,1392,3832
723912936180330496,1126,3588
723688335806480385,2644,7043
723673163800948736,816,2787
723179728551723008,1691,4860
722974582966214656,1435,3763
722613351520608256,1494,4585
721503162398597120,1647,4226
721001180231503872,551,2344
720785406564900865,700,2860
720775346191278080,567,2252
720415127506415616,1360,3786
720389942216527872,2262,5870
720340705894408192,878,2620
720059472081784833,1020,3553
720043174954147842,1819,4571
719991154352222208,1595,4479
719704490224398336,1299,4177
719551379208073216,1711,4642
719367763014393856,690,2600
719339463458033665,1121,4098
719332531645071360,858,3179
718971898235854848,986,3208
718939241951195136,1586,4801
718631497683582976,7229,17322
718613305783398402,430,2257
718540630683709445,923,2245
718460005985447936,477,2502
718454725339934721,1380,4507
718246886998687744,447,1762
718234618122661888,913,3563
717841801130979328,544,2271
717790033953034240,989,2634
717537687239008257,1663,5311
717428917016076293,408,1476
717421804990701568,759,2890
717047459982213120,1739,5802
717009362452090881,869,2981
716802964044845056,1050,3962
716791146589110272,1459,7743
716730379797970944,397,1133
716447146686459905,5310,11997
716285507865542656,967,2557
716080869887381504,1706,6250
715928423106027520,795,2933
715758151270801409,1286,3416
715733265223708672,1530,4286
715704790270025728,514,2560
715696743237730304,1166,3610
715680795826982913,1444,3965
715360349751484417,1410,5040
715342466308784130,625,2792
715220193576927233,589,2210
715200624753819648,1684,4751
715009755312439296,1107,3818
714982300363173890,934,3431
714962719905021952,3837,6749
714957620017307648,1282,3813
714631576617938945,898,3014
714606013974974464,831,3344
714485234495041536,1010,2454
714258258790387713,670,2819
714251586676113411,761,3026
714214115368108032,799,2114
714141408463036416,1279,4003
713919462244790272,723,3043
713909862279876608,485,1748
713900603437621249,664,2619
713761197720473600,1243,4463
713411074226274305,1187,4093
713177543487135744,2594,6653
713175907180089344,1333,4085
712809025985978368,6086,17534
712717840512598017,4512,11319
712668654853337088,1101,3820
712438159032893441,1421,4904
712309440758808576,24,222
712097430750289920,935,3458
712092745624633345,814,2711
712085617388212225,434,3015
712065007010385924,570,2075
711998809858043904,122,0
711968124745228288,2093,7413
711743778164514816,907,2616
711732680602345472,3696,8076
711694788429553666,16624,30268
711652651650457602,820,3548
711363825979756544,1018,3325
711306686208872448,679,3050
711008018775851008,559,2742
710997087345876993,1261,4216
710844581445812225,612,2351
710833117892898816,475,2464
710658690886586372,513,2142
710609963652087808,2155,4430
710588934686908417,1700,4173
710296729921429505,670,2199
710283270106132480,481,1998
710272297844797440,1142,4149
710269109699739648,1018,2198
710153181850935296,813,2682
710140971284037632,802,2516
710117014656950272,1782,5030
709918798883774466,995,3226
709901256215666688,92,609
709852847387627521,1092,3237
709566166965075968,1073,3252
709556954897764353,975,3022
709519240576036864,219,1385
709449600415961088,517,2024
709409458133323776,617,2424
709225125749587968,521,2206
709207347839836162,5178,11413
709198395643068416,590,2266
709179584944730112,610,1851
709158332880297985,366,1876
709042156699303936,1480,4334
708853462201716736,594,1668
708845821941387268,805,2741
708834316713893888,449,1551
708810915978854401,6252,15226
708738143638450176,741,2541
708711088997666817,639,2336
708479650088034305,618,2340
708469915515297792,731,2853
708400866336894977,9064,14682
708356463048204288,1199,3306
708349470027751425,677,2187
708149363256774660,1413,3990
708130923141795840,785,3097
708119489313951744,897,2479
708109389455101952,502,1801
708026248782585858,1752,4067
707995814724026368,1014,2869
707983188426153984,2,45
707969809498152960,868,2486
707776935007539200,874,3008
707741517457260545,556,2290
707738799544082433,2200,3733
707693576495472641,916,3125
707629649552134146,785,2354
707610948723478529,5721,15599
707420581654872064,633,2070
707411934438625280,545,2113
707387676719185920,1148,3217
707377100785885184,976,3006
707315916783140866,578,2284
707297311098011648,711,2578
707059547140169728,619,2399
707038192327901184,718,2016
707021089608753152,1225,3732
707014260413456384,542,2112
706904523814649856,7116,13425
706901761596989440,524,1885
706681918348251136,894,3025
706644897839910912,985,2346
706593038911545345,582,1983
706538006853918722,1289,3189
706516534877929472,931,2875
706346369204748288,843,3174
706310011488698368,7129,19527
706291001778950144,438,1568
706265994973601792,850,2517
706169069255446529,2003,3583
706166467411222528,1452,4723
706153300320784384,345,1356
705975130514706432,665,2863
705970349788291072,797,2925
705898680587526145,495,2185
705786532653883392,467,1793
705591895322394625,1030,2913
705475953783398401,827,2741
705442520700944385,1460,4066
705428427625635840,1518,3509
705239209544720384,677,2772
705223444686888960,714,2376
705102439679201280,474,1960
705066031337840642,556,2013
704871453724954624,1016,3962
704859558691414016,477,2071
704847917308362754,1366,4701
704819833553219584,895,2448
704761120771465216,2625,6135
704499785726889984,904,2656
704491224099647488,71,689
704480331685040129,980,3149
704364645503647744,3230,7334
704347321748819968,314,1445
704134088924532736,412,1384
704113298707505153,520,1714
704054845121142784,842,2694
703774238772166656,404,1704
703769065844768768,1024,3014
703631701117943808,601,2361
703611486317502464,1383,3543
703425003149250560,1221,3498
703407252292673536,623,2254
703382836347330562,1029,3220
703356393781329922,346,1765
703268521220972544,494,1827
703079050210877440,2801,6811
703041949650034688,11310,24332
702932127499816960,652,2370
702899151802126337,412,1479
702684942141153280,965,2979
702671118226825216,508,2022
702598099714314240,3135,11324
702539513671897089,868,2642
702332542343577600,1387,2931
702321140488925184,953,3025
702276748847800320,695,2280
702217446468493312,1225,4391
701981390485725185,890,3156
701952816642965504,929,3541
701889187134500865,1255,3245
701805642395348998,1506,3121
701601587219795968,416,1927
701570477911896070,839,2577
701545186879471618,549,2448
701214700881756160,4634,11267
700890391244103680,510,2038
700864154249383937,557,2397
700847567345688576,452,2272
700796979434098688,860,2256
700747788515020802,8436,21014
700518061187723268,722,2391
700505138482569216,521,2104
700462010979500032,1624,3784
700167517596164096,655,2428
700151421916807169,608,2056
700143752053182464,2433,6919
700062718104104960,612,2448
700029284593901568,531,1911
700002074055016451,1200,3030
699801817392291840,849,2774
699788877217865730,469,2061
699779630832685056,1109,2501
699775878809702401,539,1806
699691744225525762,4158,9457
699446877801091073,2399,5510
699434518667751424,468,2028
699423671849451520,289,1251
699413908797464576,571,1930
699370870310113280,393,1750
699323444782047232,784,2897
699088579889332224,564,2086
699079609774645248,573,2258
699072405256409088,1079,2715
699060279947165696,1622,3424
699036661657767936,1089,2401
698989035503689728,877,3076
698953797952008193,830,2482
698907974262222848,556,2339
698710712454139905,618,2267
698703483621523456,336,1324
698635131305795584,314,1196
698549713696649216,560,2149
698355670425473025,396,1701
698342080612007937,871,2075
698262614669991936,1797,4396
698195409219559425,5450,15510
698178924120031232,674,2588
697995514407682048,305,1411
697990423684476929,1171,3015
697943111201378304,616,2201
697881462549430272,1055,2778
697630435728322560,498,1598
697616773278015490,923,2891
697596423848730625,1134,2772
697516214579523584,993,1879
697482927769255936,602,2234
697463031882764288,1270,3165
697270446429966336,1716,4341
697259378236399616,902,3042
697255105972801536,1057,2848
697242256848379904,617,2325
696900204696625153,938,2917
696894894812565505,618,2168
696886256886657024,1630,4446
696877980375769088,639,2259
696754882863349760,329,1373
696744641916489729,836,1891
696713835009417216,587,2176
696518437233913856,1567,3631
696490539101908992,127,1136
696488710901260288,928,2308
696405997980676096,1051,2923
696100768806522880,586,1776
695816827381944320,1054,2758
695767669421768709,665,1710
695629776980148225,1895,4200
695446424020918272,1654,4090
695409464418041856,3241,7985
695314793360662529,1299,3336
695095422348574720,550,2452
695074328191332352,994,2611
695064344191721472,529,1481
695051054296211456,717,2430
694925794720792577,818,2495
694905863685980160,835,2534
694669722378485760,13073,33012
694356675654983680,251,1387
694352839993344000,542,1881
694342028726001664,432,1460
694329668942569472,449,1818
694206574471057408,1856,3814
694183373896572928,843,2706
694001791655137281,925,3141
693993230313091072,359,1731
693942351086120961,330,1622
693647888581312512,520,2475
693644216740769793,115,1265
693642232151285760,377,2349
693629975228977152,721,2260
693622659251335168,338,1420
693590843962331137,1780,4658
693582294167244802,223,1516
693486665285931008,568,1626
693280720173801472,1123,3084
693267061318012928,733,2199
693262851218264065,452,2045
693231807727280129,672,2652
693155686491000832,2894,7262
693109034023534592,551,1563
693095443459342336,406,1701
692919143163629568,698,2497
692905862751522816,791,2239
692901601640583168,538,1616
692894228850999298,716,2084
692828166163931137,796,2659
692752401762250755,3300,6278
692568918515392513,1394,4031
692535307825213440,1235,2903
692530551048294401,369,1700
692423280028966913,198,1366
692417313023332352,3136,8648
692187005137076224,747,2333
692142790915014657,355,1509
692041934689402880,1131,3122
692017291282812928,870,2672
691820333922455552,1492,3652
691793053716221953,3825,7482
691756958957883396,886,2602
691675652215414786,460,1796
691483041324204033,501,2199
691459709405118465,1024,3726
691444869282295808,751,2436
691416866452082688,6914,17839
691321916024623104,601,2384
691096613310316544,794,2760
691090071332753408,305,1606
690989312272396288,2613,5451
690959652130045952,1115,3315
690938899477221376,1751,3772
690932576555528194,907,3027
690735892932222976,1154,3499
690728923253055490,465,2002
690690673629138944,749,2152
690649993829576704,249,1199
690607260360429569,14,279
690597161306841088,547,1787
690400367696297985,406,1745
690374419777196032,762,2972
690360449368465409,792,2453
690348396616552449,461,1372
690248561355657216,370,1542
690021994562220032,921,2583
690015576308211712,659,2304
690005060500217858,1535,3387
689999384604450816,329,1305
689993469801164801,406,1348
689977555533848577,410,1268
689905486972461056,623,2256
689877686181715968,1044,2798
689835978131935233,688,2018
689661964914655233,851,2993
689659372465688576,3476,9528
689623661272240129,581,2041
689599056876867584,5020,10762
689557536375177216,404,1899
689517482558820352,1298,3124
689289219123089408,847,2070
689283819090870273,1004,3021
689280876073582592,640,1825
689275259254616065,225,1053
689255633275777024,975,2352
689154315265683456,897,2856
689143371370250240,455,1865
688916208532455424,773,2496
688908934925697024,708,1941
688898160958271489,710,1925
688894073864884227,621,2058
688828561667567616,322,1276
688804835492233216,170,887
688789766343622656,604,2052
688547210804498433,627,2400
688519176466644993,657,2150
688385280030670848,4076,8545
688179443353796608,529,1978
688116655151435777,697,2610
688064179421470721,323,1596
687841446767013888,2251,5013
687826841265172480,1009,2518
687818504314159109,865,2281
687807801670897665,658,2198
687732144991551489,596,1618
687704180304273409,767,2241
687664829264453632,471,1804
687494652870668288,528,1756
687480748861947905,222,1474
687476254459715584,483,1828
687460506001633280,491,1907
687399393394311168,554,1749
687317306314240000,8344,18642
687312378585812992,1730,4007
687127927494963200,2051,4972
687124485711986689,462,2024
687109925361856513,2229,5358
687102708889812993,871,2169
687096057537363968,551,2078
686947101016735744,2900,7978
686760001961103360,1256,3238
686749460672679938,1317,3202
686730991906516992,1089,3805
686683045143953408,732,2609
686618349602762752,1239,3408
686606069955735556,490,1752
686394059078897668,632,1594
686386521809772549,791,3008
686377065986265092,514,2046
686358356425093120,601,1996
686286779679375361,1523,3715
686050296934563840,665,2067
686035780142297088,104,1060
686034024800862208,1038,2844
686007916130873345,364,2279
686003207160610816,563,1679
685973236358713344,477,1936
685943807276412928,536,1499
685906723014619143,2587,6894
685681090388975616,110,1885
685667379192414208,509,2184
685663452032069632,1332,2971
685641971164143616,697,2692
685547936038666240,14108,30360
685532292383666176,1047,2808
685325112850124800,3583,8672
685321586178670592,579,2440
685315239903100929,944,3030
685307451701334016,396,1922
685268753634967552,1073,2839
685198997565345792,589,2139
685169283572338688,1277,3781
684969860808454144,326,2216
684959798585110529,2809,6289
684940049151070208,945,2963
684926975086034944,417,3217
684914660081053696,1321,3217
684902183876321280,465,1718
684880619965411328,724,1921
684830982659280897,19654,32342
684800227459624960,904,2513
684594889858887680,3168,8176
684588130326986752,1277,3804
684567543613382656,1101,2759
684538444857667585,855,2435
684481074559381504,1069,3565
684460069371654144,503,1813
684241637099323392,2949,7478
684225744407494656,183,1145
684222868335505415,1240,3515
684200372118904832,945,1983
684195085588783105,456,1761
684188786104872960,1049,3221
684177701129875456,592,1865
684147889187209216,1369,2741
684122891630342144,426,1862
684097758874210310,1299,3786
683857920510050305,1020,3513
683849932751646720,851,2412
683834909291606017,1020,2411
683828599284170753,971,2585
683773439333797890,1218,3074
683742671509258241,2999,5976
683515932363329536,2614,6787
683498322573824003,872,2932
683481228088049664,902,2447
683462770029932544,620,2242
683449695444799489,1456,3577
683391852557561860,2178,7042
683357973142474752,823,2668
683142553609318400,935,2642
683111407806746624,816,3143
683098815881154561,588,1996
683078886620553216,519,1855
683030066213818368,668,1997
682962037429899265,14864,33758
682808988178739200,154,1627
682788441537560576,1017,2282
682750546109968385,398,1401
682697186228989953,333,1215
682662431982772225,988,2811
682638830361513985,535,1903
682429480204398592,1044,3178
682406705142087680,1585,6958
682393905736888321,595,2069
682389078323662849,424,1538
682303737705140231,884,2818
682259524040966145,1078,3807
682242692827447297,1039,2965
682088079302213632,8874,16763
682059653698686977,1526,4539
682047327939461121,848,2950
682032003584274432,1791,6052
682003177596559360,1367,2862
681981167097122816,921,2595
681891461017812993,746,2272
681694085539872773,3686,11795
681679526984871937,399,1630
681654059175129088,819,2415
681610798867845120,417,1727
681579835668455424,1178,3247
681523177663676416,5199,13159
681340665377193984,246,1516
681339448655802368,3702,8553
681320187870711809,671,2404
681302363064414209,1620,3593
681297372102656000,855,2956
681281657291280384,994,2960
681261549936340994,236,1334
681242418453299201,470,1355
681231109724700672,438,2239
681193455364796417,1334,3411
680970795137544192,584,2203
680959110691590145,1820,4216
680940246314430465,935,2924
680934982542561280,393,1914
680913438424612864,562,2211
680889648562991104,324,1611
680836378243002368,1184,3183
680805554198020098,607,1977
680801747103793152,740,2188
680798457301471234,937,2602
680609293079592961,625,2410
680583894916304897,1189,3300
680497766108381184,1732,3884
680494726643068929,439,1572
680473011644985345,672,2344
680440374763077632,442,1324
680221482581123072,261,1357
680206703334408192,1046,2585
680191257256136705,442,1978
680176173301628928,1394,3559
680161097740095489,670,2135
680145970311643136,1559,3314
680130881361686529,857,2111
680115823365742593,825,2497
680100725817409536,1247,3301
680085611152338944,8135,11733
680070545539371008,774,2383
679877062409191424,578,1795
679872969355714560,596,2010
679862121895714818,555,2248
679854723806179328,1099,2611
679844490799091713,687,2188
679828447187857408,12564,33125
679777920601223168,995,2859
679736210798047232,715,1912
679729593985699840,748,1991
679722016581222400,425,1537
679530280114372609,1882,4367
679527802031484928,652,2423
679511351870550016,1146,3068
679503373272485890,1334,2911
679475951516934144,583,1921
679462823135686656,16973,29363
679405845277462528,1073,2160
679158373988876288,7229,19394
679148763231985668,923,2552
679132435750195208,1036,2702
679111216690831360,2310,5424
679062614270468097,7193,15468
679047485189439488,586,2057
679001094530465792,1094,2596
678991772295516161,1017,2065
678969228704284672,409,1499
678800283649069056,820,2352
678798276842360832,1028,3160
678774928607469569,820,2573
678767140346941444,1223,3220
678764513869611008,414,1479
678755239630127104,2922,6473
678740035362037760,1485,3393
678708137298427904,2183,5117
678675843183484930,1317,2600
678643457146150913,360,1878
678446151570427904,1373,3654
678424312106393600,2274,4992
678410210315247616,1610,3825
678399652199309312,28504,73355
678396796259975168,374,1453
678389028614488064,382,1711
678380236862578688,822,2240
678341075375947776,473,1573
678334497360859136,224,1182
678278586130948096,5489,10405
678255464182861824,328,1449
678023323247357953,341,1741
678021115718029313,5622,12359
677961670166224897,1522,3137
677918531514703872,364,1217
677895101218201600,1841,4389
677716515794329600,875,2784
677700003327029250,1290,3112
677698403548192770,287,1118
677687604918272002,755,2255
677673981332312066,1348,3033
677662372920729601,842,1772
677644091929329666,727,1707
677573743309385728,599,1938
677565715327688705,411,1189
677557565589463040,1015,2215
677547928504967168,3289,6311
677530072887205888,204,967
677335745548390400,1547,2755
677334615166730240,251,1224
677331501395156992,209,986
677328882937298944,1343,3332
677314812125323265,471,1499
677301033169788928,354,1111
677269281705472000,636,1795
677228873407442944,1466,3211
677187300187611136,810,2481
676975532580409345,950,2527
676957860086095872,719,2024
676949632774234114,348,1187
676948236477857792,773,1960
676946864479084545,326,1576
676942428000112642,666,1872
676936541936185344,4425,11606
676916996760600576,1612,2695
676897532954456065,649,2053
676864501615042560,626,1891
676821958043033607,13756,20690
676819651066732545,602,1655
676811746707918848,379,1306
676776431406465024,1803,4523
676617503762681856,854,2614
676613908052996102,176,986
676606785097199616,386,1721
676603393314578432,340,1039
676593408224403456,1886,4132
676590572941893632,110,841
676588346097852417,700,2085
676582956622721024,251,1078
676575501977128964,988,2331
676533798876651520,489,1696
676496375194980353,471,1374
676470639084101634,4176,10573
676440007570247681,588,1561
676430933382295552,302,1264
676263575653122048,484,1896
676237365392908289,251,1089
676219687039057920,27708,70822
676215927814406144,516,1572
676191832485810177,917,2054
676146341966438401,586,1752
676121918416756736,1026,1966
676101918813499392,1049,2581
676098748976615425,1246,2678
676089483918516224,390,1183
675898130735476737,506,1447
675891555769696257,764,1923
675888385639251968,841,2117
675878199931371520,1239,3780
675870721063669760,498,1468
675853064436391936,1132,2423
675849018447167488,123,866
675845657354215424,778,2048
675822767435051008,475,1385
675820929667219457,206,955
675798442703122432,3042,9296
675781562965868544,419,1458
675740360753160193,295,1059
675710890956750848,717,1689
675707330206547968,598,1784
675706639471788032,85,583
675534494439489536,361,1663
675531475945709568,330,1066
675522403582218240,248,940
675517828909424640,407,1151
675501075957489664,5214,15537
675497103322386432,1132,2818
675489971617296384,526,1151
675483430902214656,854,1665
675432746517426176,502,1360
675372240448454658,455,1529
675362609739206656,193,942
675354435921575936,14874,29450
675349384339542016,1999,3524
675334060156301312,1131,2488
675166823650848770,1384,3169
675153376133427200,2259,5585
675149409102012420,1497,3350
675147105808306176,199,842
675146535592706048,257,1051
675145476954566656,780,1915
675113801096802304,686,1737
675111688094527488,214,867
675109292475830276,997,2517
675047298674663426,275,930
675015141583413248,1042,2414
675006312288268288,201,875
675003128568291329,406,1390
674999807681908736,954,1993
674805413498527744,318,761
674800520222154752,748,2697
674793399141146624,951,2221
674790488185167872,219,984
674788554665512960,181,719
674781762103414784,1045,1804
674774481756377088,408,985
674767892831932416,690,1629
674764817387900928,200,700
674754018082705410,383,1229
674752233200820224,401,1309
674743008475090944,465,1259
674742531037511680,44,431
674739953134403584,325,968
674737130913071104,80,579
674690135443775488,412,1026
674670581682434048,565,1447
674664755118911488,205,813
674646392044941312,430,1282
674644256330530816,241,930
674638615994089473,509,1519
674632714662858753,501,1343
674606911342424069,86,840
674468880899788800,1777,5554
674447403907457024,314,954
674436901579923456,344,989
674422304705744896,465,1283
674416750885273600,116,612
674410619106390016,400,1068
674394782723014656,487,1334
674372068062928900,280,766
674330906434379776,65,505
674318007229923329,449,1250
674307341513269249,6027,10131
674291837063053312,5136,13175
674271431610523648,645,1393
674269164442398721,202,825
674265582246694913,730,1459
674262580978937856,384,1180
674255168825880576,464,1303
674082852460433408,144,682
674075285688614912,246,888
674063288070742018,1909,5718
674053186244734976,1128,2950
674051556661161984,431,1292
674045139690631169,565,1267
674042553264685056,110,636
674038233588723717,366,975
674036086168010753,181,760
674024893172875264,1086,1584
674019345211760640,264,1015
674014384960745472,559,1388
674008982932058114,300,1082
673956914389192708,837,1749
673919437611909120,326,1057
673906403526995968,1429,2844
673887867907739649,221,841
673716320723169284,669,2785
673715861853720576,1808,3168
673711475735838725,265,939
673709992831262724,236,752
673708611235921920,254,953
673707060090052608,346,990
673705679337693185,359,1124
673700254269775872,500,1283
673697980713705472,1692,3512
673689733134946305,569,1540
673688752737402881,439,1126
673686845050527744,377,1275
673680198160809984,416,1228
673662677122719744,328,1127
673656262056419329,198,650
673636718965334016,307,995
673612854080196609,630,1424
673583129559498752,313,1065
673580926094458881,238,738
673576835670777856,486,1230
673363615379013632,267,932
673359818736984064,592,1287
673355879178194945,493,1339
673352124999274496,473,1493
673345638550134785,1100,2228
673343217010679808,235,854
673342308415348736,492,1132
673320132811366400,6872,11947
673317986296586240,216,781
673295268553605120,2746,6719
673270968295534593,312,957
673240798075449344,615,1276
673213039743795200,723,1971
673148804208660480,548,1488
672997845381865473,631,1752
672995267319328768,252,845
672988786805112832,254,875
672984142909456390,470,1119
672980819271634944,888,1627
672975131468300288,780,1498
672970152493887488,303,836
672968025906282496,470,1184
672964561327235073,557,1261
672902681409806336,423,1232
672898206762672129,363,794
672884426393653248,728,1367
672877615439593473,301,908
672834301050937345,503,1152
672828477930868736,419,1108
672640509974827008,270,874
672622327801233409,422,1148
672614745925664768,510,1088
672609152938721280,338,970
672604026190569472,336,968
672594978741354496,529,1178
672591762242805761,285,842
672591271085670400,157,641
672538107540070400,317,901
672523490734551040,146,552
672488522314567680,371,989
672482722825261057,518,991
672481316919734272,110,639
672475084225949696,606,1294
672466075045466113,447,1191
672272411274932228,2926,5705
672267570918129665,538,1313
672264251789176834,287,1011
672256522047614977,1326,2509
672254177670729728,650,1273
672248013293752320,522,1529
672245253877968896,132,607
672239279297454080,276,804
672231046314901505,876,1620
672222792075620352,176,699
672205392827572224,1007,1982
672169685991993344,319,910
672160042234327040,304,766
672139350159835138,595,1541
672125275208069120,989,2118
672095186491711488,328,877
672082170312290304,319,835
672068090318987265,439,1135
671896809300709376,3673,7611
671891728106971137,483,1171
671882082306625538,1208,3099
671879137494245376,572,1246
671874878652489728,478,1104
671866342182637568,418,996
671855973984772097,372,791
671789708968640512,2997,6310
671768281401958400,434,1049
671763349865160704,774,1492
671744970634719232,663,1206
671743150407421952,201,674
671735591348891648,653,1287
671729906628341761,3794,7489
671561002136281088,6313,11376
671550332464455680,183,810
671547767500775424,497,1203
671544874165002241,888,1725
671542985629241344,484,965
671538301157904385,334,837
671536543010570240,343,1035
671533943490011136,494,897
671528761649688577,216,738
671520732782923777,454,1218
671518598289059840,252,831
671511350426865664,605,1424
671504605491109889,3118,6230
671497587707535361,389,825
671488513339211776,414,885
671486386088865792,173,511
671485057807351808,195,678
671390180817915904,652,1280
671362598324076544,257,975
671357843010908160,133,351
671355857343524864,104,420
671347597085433856,370,833
671186162933985280,176,641
671182547775299584,283,978
671166507850801152,301,780
671163268581498880,965,1456
671159727754231808,68,314
671154572044468225,186,626
671151324042559489,128,588
671147085991960577,192,583
671141549288370177,569,1021
671138694582165504,340,821
671134062904504320,162,652
671122204919246848,2184,3083
671115716440031232,670,1215
671109016219725825,377,1006
670995969505435648,243,968
670842764863651840,7563,22047
670840546554966016,166,524
670838202509447168,598,982
670833812859932673,109,382
670832455012716544,184,647
670826280409919488,3499,4866
670823764196741120,160,673
670822709593571328,83,544
670815497391357952,1316,2778
670811965569282048,230,983
670807719151067136,425,1052
670804601705242624,818,1735
670803562457407488,77,301
670797304698376195,203,660
670792680469889025,237,732
670789397210615808,210,583
670786190031921152,170,528
670783437142401025,330,722
670782429121134593,656,1347
670780561024270336,249,701
670778058496974848,62,297
670764103623966721,371,956
670755717859713024,87,392
670733412878163972,446,848
670727704916926465,312,736
670717338665226240,417,1051
670704688707301377,318,686
670691627984359425,209,518
670679630144274432,241,664
670676092097810432,35,214
670668383499735048,4310,9447
670474236058800128,631,1338
670449342516494336,568,1074
670444955656130560,1741,6050
670442337873600512,175,580
670435821946826752,437,937
670434127938719744,561,1255
670433248821026816,100,296
670428280563085312,521,1231
670427002554466305,142,462
670421925039075328,550,1144
670420569653809152,265,538
670417414769758208,280,501
670411370698022913,767,1791
670408998013820928,187,485
670403879788544000,128,377
670385711116361728,173,490
670374371102445568,238,669
670361874861563904,55,288
670338931251150849,96,373
670319130621435904,1065,3470
670303360680108032,107,382
670290420111441920,249,622
670093938074779648,276,907
670086499208155136,218,620
670079681849372674,1056,1957
670073503555706880,677,1385
670069087419133954,205,551
670061506722140161,290,666
670055038660800512,279,592
670046952931721218,151,576
670040295598354432,96,658
670037189829525505,240,527
670003130994700288,77,296
669993076832759809,70,285
669972011175813120,133,392
669970042633789440,43,271
669942763794931712,132,444
669926384437997569,81,338
669923323644657664,50,202
669753178989142016,340,708
669749430875258880,55,226
669684865554620416,74,446
669683899023405056,94,338
669682095984410625,116,312
669680153564442624,243,585
669661792646373376,366,714
669625907762618368,1565,3115
669597912108789760,131,447
669583744538451968,801,1317
669573570759163904,120,388
669571471778410496,879,1407
669567591774625800,45,202
669564461267722241,104,336
669393256313184256,62,313
669375718304980992,627,1176
669371483794317312,148,435
669367896104181761,130,405
669363888236994561,201,558
669359674819481600,103,330
669354382627049472,1093,2381
669353438988365824,227,563
669351434509529089,154,377
669328503091937280,367,906
669327207240699904,102,498
669324657376567296,182,439
669216679721873412,346,1055
669214165781868544,135,385
669203728096960512,407,888
669015743032369152,323,648
669006782128353280,209,510
669000397445533696,5515,18656
668994913074286592,191,390
668992363537309700,292,657
668989615043424256,288,595
668988183816871936,389,799
668986018524233728,140,479
668981893510119424,259,481
668979806671884288,293,703
668975677807423489,495,1153
668967877119254528,18,127
668960084974809088,210,618
668955713004314625,63,241
668932921458302977,50,227
668902994700836864,87,276
668892474547511297,126,354
668872652652679168,268,475
668852170888998912,139,409
668826086256599040,112,382
668815180734689280,225,493
668779399630725120,325,626
668655139528511488,189,471
668645506898350081,457,773
668643542311546881,447,784
668641109086707712,466,943
668636665813057536,435,920
668633411083464705,1379,2460
668631377374486528,280,616
668627278264475648,97,281
668625577880875008,111,329
668623201287675904,653,1246
668620235289837568,35,181
668614819948453888,272,544
668587383441514497,917,1475
668567822092664832,46,206
668544745690562560,197,452
668542336805281792,182,403
668537837512433665,61,226
668528771708952576,189,402
668507509523615744,87,279
668496999348633600,114,359
668484198282485761,207,372
668480044826800133,127,396
668466899341221888,440,769
668297328638447616,255,557
668291999406125056,28,213
668286279830867968,117,436
668274247790391296,197,720
668268907921326080,206,484
668256321989451776,516,1150
668248472370458624,407,839
668237644992782336,2419,5433
668226093875376128,85,247
668221241640230912,169,452
668204964695683073,172,489
668190681446379520,171,576
668171859951755264,162,425
668154635664932864,273,439
668142349051129856,239,509
668113020489474048,207,582
667937095915278337,691,1114
667924896115245057,95,264
667915453470232577,46,184
667911425562669056,245,431
667902449697558528,334,756
667886921285246976,906,1645
667885044254572545,398,729
667878741721415682,101,348
667873844930215936,340,549
667866724293877760,900,2711
667861340749471744,69,221
667832474953625600,54,255
667806454573760512,417,929
667801013445750784,81,283
667793409583771648,286,607
667782464991965184,211,363
667773195014021121,44,204
667766675769573376,185,372
667728196545200128,126,325
667724302356258817,268,424
667550904950915073,28,0
667550882905632768,25,0
667549055577362432,1948,5099
667546741521195010,106,303
667544320556335104,458,761
667538891197542400,58,176
667534815156183040,444,717
667530908589760512,206,412
667524857454854144,965,1500
667517642048163840,165,332
667509364010450944,1861,6048
667502640335572993,193,485
667495797102141441,231,459
667491009379606528,189,458
667470559035432960,85,225
667455448082227200,53,171
667453023279554560,74,279
667443425659232256,486,681
667437278097252352,197,396
667435689202614272,76,267
667405339315146752,196,410
667393430834667520,50,168
667369227918143488,144,328
667211855547486208,209,425
667200525029539841,227,544
667192066997374976,86,332
667188689915760640,330,643
667182792070062081,5261,12520
667177989038297088,48,166
667176164155375616,387,525
667174963120574464,70,218
667171260800061440,72,186
667165590075940865,968,2377
667160273090932737,50,219
667152164079423490,14581,42210
667138269671505920,1866,4007
667119796878725120,105,284
667090893657276420,105,287
667073648344346624,104,351
667070482143944705,13,72
667065535570550784,40,143
667062181243039745,45,192
667044094246576128,43,163
667012601033924608,186,395
666996132027977728,79,213
666983947667116034,845,2245
666837028449972224,467,702
666835007768551424,65,183
666826780179869698,79,219
666817836334096384,209,442
666804364988780544,78,206
666786068205871104,409,658
666781792255496192,168,326
666776908487630848,148,304
666739327293083650,59,207
666701168228331520,182,371
666691418707132416,42,160
666649482315059201,524,993
666644823164719104,69,208
666454714377183233,179,447
666447344410484738,19,90
666437273139982337,40,106
666435652385423360,42,137
666430724426358785,160,277
666428276349472768,67,139
666421158376562688,91,272
666418789513326592,39,107
666411507551481857,262,371
666407126856765440,30,93
666396247373291520,68,147
666373753744588802,73,163
666362758909284353,468,649
666353288456101888,56,179
666345417576210432,122,243
666337882303524864,79,168
666293911632134144,289,425
666287406224695296,56,123
666273097616637952,66,151
666268910803644416,38,99
666104133288665088,5469,12862
666102155909144576,11,66
666099513787052032,53,133
666094000022159362,63,142
666082916733198337,37,92
666073100786774016,130,274
666071193221509120,51,127
666063827256086533,180,396
666058600524156928,47,99
666057090499244032,112,247
666055525042405380,196,367
666051853826850816,700,1025
666050758794694657,50,115
666049248165822465,36,88
666044226329800704,115,247
666033412701032449,36,100
666029285002620928,39,112
666020888022790149,422,2287
